1	9610	2	4805 4805 
2	9280	2	4640 4640 
3	8650	2	4325 4325 
4	8630	2	4315 4315 
5	8480	2	4240 4240 
6	8460	2	4230 4230 
7	8180	2	4090 4090 
8	7970	2	3985 3985 
9	7770	2	3885 3885 
10	6980	2	3490 3490 
11	6400	2	3200 3200 
12	5750	2	2875 2875 
13	5750	2	2875 2875 
14	5510	2	2755 2755 
15	4980	2	2490 2490 
16	4690	1	4690 
17	3890	1	3890 
18	3760	1	3760 
19	3710	1	3710 
20	3610	1	3610 
21	3530	1	3530 
22	2440	1	2440 
23	1870	1	1870 
24	1800	1	1800 
25	1780	1	1780 
B1	4805
B2	4240
B3	3760
B4	2875
COST  15680